((("a_string" .
   [0 0 1 0 0 0 0 0])
  ("object" .
   [1 0 0 0 0 0])
  ("str" .
   [2 0 0])
  ("time" .
   [2 0 2 1])
  ("import" .
   [2 0 1 2 0 0])
  ("sys" .
   [2 0 0])
  ("getattr" .
   [0 0 1 0 0 0 0])
  ("os" .
   [1 0])
  ("tornado" .
   [0 0 1 2 0 1 0])
  ("class" .
   [0 0 0 1 0])
  ("web" .
   [2 0 0])
  ("def" .
   [0 0 1])
  ("self" .
   [1 0 0 1])
  ("MainHandler" .
   [0 0 1 0 0 0 0 0 0 0 0])
  ("if" .
   [1 0])
  ("__import__" .
   [0 0 1 0 0 0 0 0 0 0])
  ("application" .
   [0 0 0 0 0 0 0 0 0 0 1])
  ("ioloop" .
   [0 0 1 0 0 0])
  ("Request" .
   [0 0 0 0 1 0 0])
  ("print" .
   [0 0 0 0 1])))
